98100
10200
12500
77400
71100
81200
71200
81500
78400
94900
89700
73200
71500
80300
89800
64500
71500
78200
65200
75800
87700
78500
93500
79100
92000
87200
89400
91100
74200
78500
77000
83300
88200
81700
86500
87500
85300
83800
80300
86300
86300
82800
80900
61700
88400
63800
84500
81900
75500
85900
71000
93200
79900
78400
88300
84200
79000
80000
69700
84500
83700
83000
89200
87400
79300
66700
86900
87400
83000
74700
77900
73700
73100
69000
79800
86800
78500
62300
66100
66200
83700
72900
69500
62400
82000
80700
76300
78700
79000
81400
71500
75700
81500
76600
81500
74400
75400
82200
78700
75500
76700
60500
81600
73200
71500
70900
54800
65800
96500
72400
62100
64000
72600
75500
74900
70600
75800
74200
86100
67500
71900
79800
66100
59300
64900
80000
57900
68600
75900
76500
74800
79400
75300
79800
71400
73600
75000
67500
67500
74800
75900
67100
76300
62400
66100
76400
65800
51400
70800
63300
64600
62700
78300
62900
64300
65100
71700
76400
62100
60100
62800
62700
73500
76400
67000
73400
74100
76100
62700
67100
67000
72600
74500
73600
72900
60100
59700
71500
72600
60000
91100
63000
69100
74200
72100
61700
63700
58900
67100
72100
70000
59500
63500
64600
60800
69800
57200
60300
58900
62400
82400
81600
78500
73700
61400
56200
67600
78600
67800
61300
69000
75700
60000
60700
64200
67600
72000
64700
58600
69000
57500
61100
55100
63400
67900
60200
56300
71500
67100
60200
65100
68800
59700
71300
57200
58500
64600
74500
61600
67500
70500
58700
59500
68900
62300
74100
69100
73700
65700
77600
63200
62100
65400
57800
58000
58400
69300
66500
54700
59800
83700
58100
62000
58400
69900
64600
62800
58800
65200
74800
67800
62700
64200
60600
54500
60000
63200
77800
65600
69700
57600
63900
59800
73200
65700
63500
76800
55100
66500
58100
66100
55300
76500
57800
60900
62400
78100
54900
67700
89500
54900
56400
58500
67500
73000
56400
56800
47100
63600
57300
55600
56800
53800
79700
65900
72600
58100
61700
59400
62500
65700
63400
75700
53100
65700
63800
79500
67900
66200
60300
58600
62700
57800
54800
54800
59400
60000
58600
64900
62800
64900
55000
55100
61600
57000
59000
55600
59500
55100
59800
56500
59500
57300
55500
56400
62300
60700
57400
62300
62100
55300
54500
61600
60600
60900
60800
58000
57300
78500
60800
56900
77900
51400
57800
55100
52000
67900
51600
61100
54200
74800
58300
60700
56500
57300
53200
57300
53200
58400
69100
61600
75300
54100
52500
65400
53000
54800
55100
57100
53000
59100
62700
58000
53500
58900
52800
55300
63000
59600
54800
73300
61600
59100
56200
52100
58800
55800
51200
54000
58300
52700
57000
52000
55400
60400
51500
60900
74100
56700
56000
57300
61000
83400
76400
53100
58000
54900
57300
57300
54500
55900
53600
49400
53000
74300
60600
49900
78900
51300
56200
54000
69100
55600
58300
60400
52800
57600
52800
61300
52700
56400
52000
56100
55800
53400
54300
55000
57800
62300
52800
55200
52400
60600
51300
52200
56200
57100
46400
56300
58400
60700
49800
70300
53000
54200
55500
44200
64400
66000
58300
52400
55300
60900
54400
51800
49500
62400
60900
56100
63200
48900
52700
56500
57200
56700
58700
55900
59400
63800
48200
57700
52400
55500
59400
51100
69100
57000
50600
56600
60600
59100
53300
52800
55500
55200
53700
53600
61300
55100
59200
56000
64000
52500
48700
56400
57000
53500
61000
63000
54400
55500
49700
58000
53000
66700
57600
52800
52800
58900
54600
56400
55200
70300
67900
40500
52200
53100
53300
53200
54700
53200
51500
55400
52700
52300
54700
57600
58200
52700
61100
54200
49600
57200
52600
63400
56700
50500
50600
63700
47500
64900
52100
52800
60100
72100
51000
53400
47100
56100
64700
55000
44700
54900
50200
63800
50100
50300
58100
45400
54100
65900
50400
55300
52200
55500
55000
59000
57400
52900
50400
52800
58900
51900
62800
59700
49500
46700
48900
50000
47400
56100
61100
42700
54000
51400
44300
45300
49700
60800
53500
54500
52500
56200
48300
52900
52200
55900
53200
52400
53300
57800
53100
50800
54000
48500
53100
64100
50700
51200
48900
50000
49100
48000
51300
53100
51800
50900
59500
49900
51000
50800
50100
51300
51300
49500
53600
53000
55700
50600
46600
53800
46700
47800
49700
56800
49800
51700
49500
49800
46800
54500
49300
55500
48300
52600
48400
51100
49800
51700
49700
51100
48900
48900
50300
47300
51300
54300
48200
57300
51800
49400
49700
43300
49600
51400
49900
52600
50200
46900
52500
49900
52700
57900
45800
53000
48100
44300
50100
53400
49500
50900
49100
45800
52000
53200
46000
43300
48400
60700
46300
47000
46300
43300
44300
50600
39600
49200
48400
49400
43600
44200
44000
48100
49500
46700
45000
47300
45600
47200
45800
43400
49900
45700
44900
43400
43700
42900
44100
42300
43900
47300
43400
45900