212100
202600
192300
178800
172400
169300
167500
166400
165100
164900
163800
162900
162200
162100
161600
158400
158000
157800
157700
156700
156100
156100
154100
154000
153800
152700
151800
151300
150900
150000
150000
148600
148200
148200
147200
147200
147000
146600
146600
146400
145000
144900
144500
144400
143900
143600
142500
142100
141900
141800
141400
141300
141100
141100
140900
140600
140200
140000
139900
139600
139300
139000
138700
138600
138500
138500
138500
138000
137800
137700
137700
137300
137000
136700
136700
136600
135600
135100
134800
134500
134500
134200
134200
134100
133700
133700
133400
133200
133200
132800
132500
132100
131700
131600
131000
131000
130000
129900
129800
129700
129100
128600
128300
128300
128100
127700
127500
127400
127400
127400
127200
127000
127000
126600
126600
126400
126100
125900
125800
125700
125600
125600
125600
125500
125300
125300
125200
125100
124900
124500
124400
124200
124200
124200
124200
124100
124000
123700
123000
123000
122800
122800
122500
122400
122400
122400
122300
122200
122000
121900
121700
121600
121300
121200
121100
121100
121000
120700
120700
120400
120100
120000
119900
119800
119800
119800
119700
119600
119500
119400
119300
119200
119100
118900
118800
118300
118100
118000
117700
117500
117400
116900
116700
116500
116200
116100
115800
115600
115600
115600
115500
115300
115300
115100
114900
114800
114800
114700
114600
114600
114500
114500
114100
114100
114100
114000
113900
113900
113900
113800
113700
113700
113700
113700
113500
113400
113300
112900
112700
112700
112700
112600
112600
112400
112400
112300
112300
112200
111900
111900
111800
111700
111500
111500
111400
111300
111100
110800
110700
110700
110600
110500
110500
110400
110300
110300
110200
110200
110200
110100
110100
110000
110000
109700
109700
109700
109700
109600
109600
109600
109600
109500
109200
109200
109100
109000
109000
108800
108800
108700
108600
108400
108300
108300
108300
108100
108000
107500
107500
107400
107300
107000
107000
107000
106800
106700
106500
106400
106400
106300
106200
106000
105900
105900
105900
105800
105800
105800
105800
105600
105600
105300
105300
105200
104800
104800
104800
104700
104300
104300
104200
104100
104000
104000
104000
103900
103800
103800
103700
103400
103100
103100
102900
102700
102700
102500
102400
102300
102100
102100
101900
101900
101600
101400
101200
101200
100800
100600
100600
100300
100300
100300
100200
100200
99800
99700
99700
99700
99700
99600
99400
99400
99300
99300
99300
99200
99200
99200
99100
99000
99000
99000
98900
98800
98700
98600
98400
98400
98300
98200
98100
98100
98100
98000
97900
97600
97500
97500
97500
97400
97400
97400
97300
97300
97300
97200
96900
96900
96800
96700
96700
96600
96600
96500
96500
96500
96500
96500
96300
96200
96200
96200
96100
96100
96100
96000
96000
96000
95900
95800
95800
95800
95700
95600
95500
95500
95400
95400
95300
95200
95100
95000
95000
94900
94700
94600
94600
94400
94400
94400
94400
94300
94000
94000
93900
93800
93800
93600
93200
93200
93200
93100
93000
93000
92900
92900
92600
92500
92500
92500
92200
92200
92100
92100
92000
92000
92000
91800
91700
91600
91600
91600
91600
91600
91500
91400
91400
91400
91300
91200
91000
91000
91000
90700
90700
90700
90500
90500
90500
90400
90300
90300
90300
90300
90200
90100
90100
90000
90000
89900
89900
89800
89800
89800
89600
89600
89600
89500
89500
89400
89200
89000
89000
88900
88800
88800
88800
88600
88600
88600
88500
88400
88400
88400
88300
88100
88100
88000
88000
87900
87900
87800
87700
87700
87400
87300
87200
87200
87100
87100
86800
86600
86500
86400
86300
86100
86000
86000
86000
85900
85900
85800
85800
85800
85800
85700
85700
85600
85500
85300
85300
85200
85200
85100
85100
85000
85000
84900
84700
84500
84500
84500
84500
84400
84300
84300
84100
84000
83900
83900
83900
83800
83700
83700
83700
83600
83500
83500
83500
83400
83400
83400
83400
83300
83300
83200
83200
82900
82700
82600
82500
82400
82400
82400
82400
82100
81900
81800
81600
81500
81500
81300
81200
81200
81200
81100
81100
80900
80800
80800
80700
80700
80600
80500
80300
80300
80300
80100
80000
79800
79800
79600
79600
79600
79400
79300
79200
79100
79100
79000
78900
78900
78900
78800
78600
78500
78400
78200
78200
77900
77800
77700
77600
77600
77500
77500
77500
77400
77300
77300
76700
76600
76600
76500
76500
76500
76400
76200
76100
76000
75900
75900
75800
75800
75700
75700
75700
75600
75500
75300
75200
75100
74900
74900
74800
74600
74300
74300
74100
74100
74100
74000
74000
73900
73900
73800
73700
73700
73600
73500
73200
73100
72900
72900
72900
72600
72400
72400
72300
72000
71600
71500
71300
71300
71300
70900
70700
70400
70300
70300
70100
70000
70000
70000
69600
69600
69200
69200
69200
69000
69000
68900
68900
68700
68600
68200
67400
67300
67200
67000
66400
66100
66100
65200
65100
65100
65000
65000
64900
64700
63700
63700
63600
63200
63200
63000
62500
62300
62200
61400
60400
60200
58900
58000
56900
56500
55300
54500
54100
53700
52400
52200
46600